10:21:38.001 t
10:21:38.161 --- LAPTOP LOG START ---
10:21:38.161 0,90,84,61,0,0,330
10:21:38.161 0,98,84,53,0,0,330
10:21:38.161 1,103,82,51,3704,3704,330
10:21:38.161 1,83,58,59,4364,4364,330
10:21:38.271 1,66,62,48,5000,5000,330
10:21:38.271 1,56,66,38,5000,5000,330
10:21:38.271 4,51,52,39,0,0,231
10:21:38.271 4,50,50,39,3200,4011,33
10:21:38.389 4,48,48,39,3200,4077,33
10:21:38.389 4,46,46,39,3200,4143,33
10:21:38.389 4,44,44,38,3200,4209,33
10:21:38.389 4,43,42,37,3200,4275,33
10:21:38.501 4,41,40,40,3200,4341,33
10:21:38.501 4,39,38,42,3200,4407,33
10:21:38.501 4,38,36,41,3200,4473,33
10:21:38.501 4,37,34,43,3200,4539,33
10:21:38.599 4,35,33,41,3200,4605,33
10:21:38.599 4,33,32,43,3200,4671,33
10:21:38.599 4,32,31,44,3200,4737,33
10:21:38.599 4,30,30,45,3200,4803,33
10:21:38.599 4,28,29,46,3200,4869,33
10:21:38.709 4,26,28,47,3200,4935,33
10:21:38.709 4,25,27,47,3200,5001,33
10:21:38.709 4,23,33,48,3200,5067,33
10:21:38.709 4,22,38,48,3200,5133,33
10:21:38.823 4,21,42,49,3200,5199,33
10:21:38.823 4,20,48,49,3200,5265,33
10:21:38.823 4,19,53,53,3200,5331,33
10:21:38.823 4,18,58,56,3200,5397,33
10:21:38.935 4,17,56,58,3200,5463,33
10:21:38.935 4,16,60,60,3200,5500,33
10:21:38.935 4,15,66,61,3200,5500,33
10:21:38.935 4,14,71,62,3200,5500,33
10:21:39.026 4,13,75,62,3200,5500,33
10:21:39.026 4,13,78,62,3200,5500,33
10:21:39.026 1,44,84,57,0,0,330
10:21:39.026 1,52,80,50,4035,4035,330
10:21:39.182 0,56,72,41,0,0,330
10:21:39.182 4,44,67,47,0,0,132
10:21:39.182 4,45,66,48,3200,4063,33
10:21:39.182 4,46,65,49,3200,4129,33
10:21:39.182 4,41,64,50,3200,4195,33
10:21:39.258 1,48,54,50,4697,4697,330
10:21:39.258 0,44,41,42,0,0,330
10:21:39.258 3,43,40,41,0,0,33
10:21:39.258 3,42,39,40,4000,3200,33
10:21:39.258 3,41,38,39,4025,3200,33
10:21:39.388 3,40,37,38,4091,3200,33
10:21:39.388 3,39,36,37,4157,3200,33
10:21:39.388 3,38,35,36,4223,3200,33
10:21:39.388 3,40,34,34,4289,3200,33
10:21:39.471 3,42,33,33,4355,3200,33
10:21:39.471 3,43,31,32,4421,3200,33
10:21:39.471 3,48,30,31,4487,3200,33
10:21:39.471 3,49,29,29,4553,3200,33
10:21:39.584 3,50,28,28,4619,3200,33
10:21:39.584 3,50,27,26,4685,3200,33
10:21:39.584 3,67,26,25,4751,3200,33
10:21:39.584 3,82,25,24,4817,3200,33
10:21:39.703 3,85,24,23,4883,3200,33
10:21:39.703 3,95,30,22,4949,3200,33
10:21:39.703 3,90,35,21,5015,3200,33
10:21:39.703 3,86,40,20,5081,3200,33
10:21:39.808 3,90,44,19,5147,3200,33
10:21:39.808 3,85,48,24,5213,3200,33
10:21:39.808 3,81,53,28,5279,3200,33
10:21:39.808 3,78,53,31,5345,3200,33
10:21:39.898 3,75,52,34,5411,3200,33
10:21:39.898 1,57,42,63,3646,3646,330
10:21:39.898 1,60,70,65,4306,4306,330
10:21:39.898 0,66,91,69,0,0,330
10:21:39.898 3,72,90,70,0,0,165
10:21:40.003 3,70,90,69,5500,3200,33
10:21:40.003 0,70,87,58,0,0,330
10:21:40.003 1,67,88,61,5000,5000,330
10:21:40.003 1,57,78,57,5000,5000,330
10:21:40.122 1,58,74,53,5000,5000,330
10:21:40.122 1,53,59,46,5000,5000,330
10:21:40.122 0,37,60,52,0,0,330
10:21:40.122 4,51,48,47,0,0,231
10:21:40.122 4,50,46,46,3200,3987,33
10:21:40.232 4,48,45,45,3200,4053,33
10:21:40.232 4,55,44,46,3200,4119,33
10:21:40.232 4,53,43,47,3200,4185,33
10:21:40.232 4,51,42,48,3200,4251,33
10:21:40.344 4,49,41,49,3200,4317,33
10:21:40.344 4,47,40,50,3200,4383,33
10:21:40.344 4,45,40,50,3200,4449,33
10:21:40.344 1,47,40,57,5000,5000,330
10:21:40.458 4,33,45,56,0,0,231
10:21:40.458 4,47,43,56,3200,4624,33
10:21:40.458 4,43,41,56,3200,4690,33
10:21:40.458 4,39,39,56,3200,4756,33
10:21:40.551 4,36,38,56,3200,4822,33
10:21:40.551 4,33,37,56,3200,4888,33
10:21:40.551 4,30,36,56,3200,4954,33
10:21:40.551 4,28,35,55,3200,5020,33
10:21:40.662 4,26,34,54,3200,5086,33
10:21:40.662 4,24,36,53,3200,5152,33
10:21:40.662 4,23,38,52,3200,5218,33
10:21:40.662 4,22,39,51,3200,5284,33
10:21:40.662 4,22,40,50,3200,5350,33
10:21:40.776 4,29,41,49,3200,5416,33
10:21:40.776 4,27,41,48,3200,5482,33
10:21:40.776 4,34,39,44,0,0,231
10:21:40.776 4,34,39,43,3200,5500,33
10:21:40.883 4,34,38,43,3200,5500,33
10:21:40.883 4,36,38,43,3200,5500,33
10:21:40.883 4,36,38,43,3200,5500,33
10:21:40.883 4,36,38,43,3200,5500,33
10:21:41.001 4,36,39,43,3200,5500,33
10:21:41.001 4,36,40,43,3200,5500,33
10:21:41.001 4,35,40,43,3200,5500,33
10:21:41.001 4,34,40,43,3200,5500,33
10:21:41.111 4,33,40,44,3200,5500,33
10:21:41.111 4,32,40,45,3200,5500,33
10:21:41.111 1,29,65,35,5000,5000,330
10:21:41.111 0,25,63,48,0,0,330
10:21:41.111 4,24,69,48,0,0,99
10:21:41.234 4,24,70,48,3200,5500,33
10:21:41.234 4,23,71,47,3200,5500,33
10:21:41.234 4,23,72,47,3200,5500,33
10:21:41.234 0,21,67,82,0,0,330
10:21:41.331 0,17,48,73,0,0,330
10:21:41.331 4,13,61,65,0,0,132
10:21:41.331 4,12,56,64,3200,5500,33
10:21:41.331 4,11,51,63,3200,5500,33
10:21:41.331 4,10,47,62,3200,5500,33
10:21:41.421 4,9,48,61,3200,5500,33
10:21:41.421 4,8,44,60,3200,5500,33
10:21:41.421 4,7,40,62,3200,5500,33
10:21:41.421 4,7,42,63,3200,5500,33
10:21:41.556 4,13,54,62,3200,5500,33
10:21:41.556 4,12,62,62,3200,5500,33
10:21:41.556 4,11,68,62,3200,5500,33
10:21:41.556 4,10,73,61,3200,5500,33
10:21:41.643 4,10,80,60,3200,5500,33
10:21:41.643 4,18,84,59,3200,5500,33
10:21:41.643 4,25,89,58,3200,5500,33
10:21:41.643 1,57,62,50,5000,5000,330
10:21:41.755 1,57,59,49,5000,5000,330
10:21:41.755 1,72,57,46,5000,5000,330
10:21:41.755 0,57,50,51,0,0,330
10:21:41.755 0,48,41,47,0,0,330
10:21:41.755 0,38,37,23,0,0,330
10:21:41.866 0,38,37,15,0,0,330
10:21:41.866 3,38,37,15,0,0,99
10:21:41.866 3,38,37,15,5500,3200,33
10:21:41.866 3,38,37,18,5500,3200,33
10:21:41.866 3,38,36,21,5500,3200,33
10:21:41.977 3,37,35,20,5500,3200,33
10:21:41.977 3,37,35,22,5500,3200,33
10:21:41.977 3,37,34,23,5500,3200,33
10:21:41.977 3,37,33,24,5500,3200,33
10:21:42.089 3,40,32,24,5500,3200,33
10:21:42.089 3,43,31,24,5500,3200,33
10:21:42.089 3,45,30,24,5500,3200,33
10:21:42.089 3,46,29,24,5500,3200,33
10:21:42.195 3,48,28,24,5500,3200,33
10:21:42.195 3,49,28,24,5500,3200,33
10:21:42.195 3,50,28,24,5500,3200,33
10:21:42.195 3,51,28,24,5500,3200,33
10:21:42.308 3,51,28,24,5500,3200,33
10:21:42.308 3,51,31,24,5500,3200,33
10:21:42.308 3,51,33,24,5500,3200,33
10:21:42.308 3,51,35,24,5500,3200,33
10:21:42.418 3,58,36,27,5500,3200,33
10:21:42.418 1,94,39,34,5000,5000,330
10:21:42.418 1,76,68,41,5000,5000,330
10:21:42.418 0,63,70,53,0,0,330
10:21:42.418 1,50,62,58,5000,5000,330
10:21:42.507 0,36,56,54,0,0,330
10:21:42.507 4,33,52,50,0,0,66
10:21:42.507 4,32,56,48,3200,5500,33
10:21:42.507 4,30,54,49,3200,5500,33
10:21:42.645 4,29,51,50,3200,5500,33
10:21:42.645 4,28,48,55,3200,5500,33
10:21:42.645 4,27,45,54,3200,5500,33
10:21:42.645 4,26,42,57,3200,5500,33
10:21:42.739 4,25,40,56,3200,5500,33
10:21:42.739 4,24,46,54,3200,5500,33
10:21:42.739 4,23,54,52,3200,5500,33
10:21:42.739 4,22,65,52,3200,5500,33
10:21:42.845 4,21,70,52,3200,5500,33
10:21:42.845 4,20,76,59,3200,5500,33
10:21:42.845 4,19,79,61,3200,5500,33
10:21:42.845 4,18,82,60,3200,5500,33
10:21:42.845 4,17,84,59,3200,5500,33
10:21:42.951 4,17,87,58,3200,5500,33
10:21:42.951 4,27,89,58,3200,5500,33
10:21:42.951 4,33,91,58,3200,5500,33
10:21:42.951 4,38,92,58,3200,5500,33
10:21:43.065 4,42,93,58,3200,5500,33
10:21:43.065 4,39,88,58,3200,5500,33
10:21:43.065 1,78,73,51,5000,5000,330
10:21:43.065 0,71,62,53,5000,5000,330
10:21:43.189 0,59,46,43,0,0,330
10:21:43.189 3,56,42,40,0,0,132
10:21:43.189 3,55,41,40,5500,3200,33
10:21:43.189 3,54,40,39,5500,3200,33
10:21:43.304 3,53,39,39,5500,3200,33
10:21:43.304 3,53,38,38,5500,3200,33
10:21:43.304 3,53,38,37,5500,3200,33
10:21:43.304 3,53,38,37,5500,3200,33
10:21:43.304 3,53,37,36,5500,3200,33
10:21:43.399 1,83,34,31,0,0,330
10:21:43.399 0,88,30,23,0,0,330
10:21:43.399 3,83,27,21,0,0,66
10:21:43.399 3,83,26,20,5500,3200,33
10:21:43.503 3,83,25,19,5500,3200,33
10:21:43.503 3,84,24,18,5500,3200,33
10:21:43.503 3,84,23,17,5500,3200,33
10:21:43.503 3,84,22,16,5500,3200,33
10:21:43.600 3,84,21,15,5500,3200,33
10:21:43.600 3,83,20,14,5500,3200,33
10:21:43.600 3,82,19,13,5500,3200,33
10:21:43.600 3,82,24,12,5500,3200,33
10:21:43.600 3,82,30,11,5500,3200,33
10:21:43.712 3,78,41,24,0,0,66
10:21:43.712 3,76,45,30,5500,3200,33
10:21:43.712 3,74,49,35,5500,3200,33
10:21:43.712 3,72,52,39,5500,3200,33
10:21:43.832 3,70,54,41,5500,3200,33
10:21:43.832 3,68,56,43,5500,3200,33
10:21:43.832 1,64,56,50,5000,5000,330
10:21:43.832 0,89,48,49,0,0,330
10:21:43.942 4,80,46,48,0,0,33
10:21:43.942 4,80,45,47,3200,5500,33
10:21:43.942 4,72,44,46,3200,5500,33
10:21:43.942 4,65,43,45,3200,5500,33
10:21:43.942 4,65,42,44,3200,5500,33
10:21:44.037 4,58,41,43,3200,5500,33
10:21:44.037 4,52,40,42,3200,5500,33
10:21:44.037 4,51,39,41,3200,5500,33
10:21:44.037 4,49,38,41,3200,5500,33
10:21:44.147 4,45,37,40,3200,5500,33
10:21:44.147 4,41,36,39,3200,5500,33
10:21:44.147 4,39,35,38,3200,5500,33
10:21:44.147 4,37,34,38,3200,5500,33
10:21:44.260 4,36,33,38,3200,5500,33
10:21:44.260 4,34,31,37,3200,5500,33
10:21:44.260 4,32,30,39,3200,5500,33
10:21:44.260 4,30,31,41,3200,5500,33
10:21:44.370 4,28,37,43,3200,5500,33
10:21:44.370 4,26,42,44,3200,5500,33
10:21:44.370 4,24,41,45,3200,5500,33
10:21:44.370 4,22,39,45,3200,5500,33
10:21:44.490 4,20,43,47,3200,5500,33
10:21:44.490 4,18,40,48,3200,5500,33
10:21:44.490 4,17,41,48,3200,5500,33
10:21:44.490 4,16,42,48,3200,5500,33
10:21:44.490 4,15,42,48,3200,5500,33
10:21:44.575 4,14,47,48,3200,5500,33
10:21:44.575 4,20,51,51,3200,5500,33
10:21:44.575 4,19,54,54,3200,5500,33
10:21:44.575 4,18,67,56,3200,5500,33
10:21:44.688 4,17,75,58,3200,5500,33
10:21:44.688 4,16,74,59,3200,5500,33
10:21:44.688 4,33,73,60,3200,5500,33
10:21:44.688 1,99,97,100,5000,5000,330
10:21:44.797 1,112,102,111,5000,5000,330
10:21:44.797 0,99,82,103,0,0,330
10:21:44.797 0,91,59,93,0,0,330
10:21:44.797 0,91,46,93,0,0,330
10:21:44.940 0,91,44,93,0,0,330
10:21:44.940 0,91,43,93,0,0,330
10:21:44.940 0,91,43,93,0,0,330
10:21:44.940 0,89,43,93,0,0,330
10:21:44.940 0,89,69,93,0,0,330
10:21:44.940 0,89,77,93,0,0,330
10:21:45.027 0,89,83,93,0,0,330
10:21:45.027 0,89,79,93,0,0,330
10:21:45.027 0,89,84,89,0,0,330
10:21:45.027 0,89,84,79,0,0,330
10:21:45.027 0,89,84,86,0,0,330
10:21:45.121 0,89,76,86,0,0,330
10:21:45.121 0,89,83,86,0,0,330
10:21:45.121 0,89,81,86,0,0,330
10:21:45.121 0,89,78,86,0,0,330
10:21:45.121 0,89,84,86,0,0,330
10:21:45.227 0,89,74,86,0,0,330
10:21:45.227 0,89,71,86,0,0,330
10:21:45.227 0,89,56,86,0,0,330
10:21:45.227 0,89,77,86,0,0,330
