,3460,330
14:14:21.654 1,52,56,42,3460,3460,330
14:14:21.654 1,39,60,49,3460,3460,330
14:14:21.654 1,32,54,48,3460,3460,330
14:14:21.654 1,59,47,51,3460,3460,330
14:14:21.761 4,76,45,43,0,0,264
14:14:21.761 4,71,44,42,3200,3971,33
14:14:21.761 4,67,43,41,3200,4037,33
14:14:21.761 4,63,48,42,3200,4103,33
14:14:21.873 4,59,46,41,3200,4169,33
14:14:21.873 4,56,45,40,3200,4235,33
14:14:21.873 4,62,43,40,3200,4301,33
14:14:21.873 4,67,41,39,3200,4367,33
14:14:21.979 4,67,39,40,3200,4433,33
14:14:21.979 4,71,38,41,3200,4499,33
14:14:21.979 4,65,37,41,3200,4565,33
14:14:21.979 4,64,38,41,3200,4631,33
14:14:22.095 4,59,38,41,3200,4697,33
14:14:22.095 4,54,38,41,3200,4763,33
14:14:22.095 4,50,38,44,3200,4829,33
14:14:22.095 4,46,38,46,3200,4895,33
14:14:22.199 4,43,41,47,3200,4961,33
14:14:22.199 4,40,43,48,3200,5027,33
14:14:22.199 4,37,45,49,3200,5093,33
14:14:22.199 4,42,46,50,3200,5159,33
14:14:22.199 0,48,48,50,0,0,330
14:14:22.314 0,47,45,47,0,0,330
14:14:22.314 4,45,43,45,0,0,99
14:14:22.314 4,45,43,45,3200,3972,33
14:14:22.314 4,44,43,45,3200,3972,33
14:14:22.430 4,44,42,45,3200,3972,33
14:14:22.430 4,43,42,45,3200,4038,33
14:14:22.430 4,43,41,44,3200,4104,33
14:14:22.430 4,42,41,44,3200,4170,33
14:14:22.430 4,41,40,43,3200,4236,33
14:14:22.519 4,40,39,43,3200,4302,33
14:14:22.519 1,33,34,41,3460,3460,330
14:14:22.519 0,28,28,39,0,0,330
14:14:22.519 0,28,28,39,0,0,330
14:14:22.647 4,28,28,39,0,0,297
14:14:22.647 4,28,28,39,3200,4000,33
14:14:22.647 4,28,28,38,3200,4066,33
14:14:22.647 4,28,28,37,3200,4132,33
14:14:22.733 4,27,28,36,3200,4198,33
14:14:22.733 4,27,28,35,3200,4264,33
14:14:22.733 4,27,28,35,3200,4330,33
14:14:22.733 4,26,28,35,3200,4396,33
14:14:22.733 4,25,28,34,3200,4462,33
14:14:22.868 4,25,28,33,3200,4528,33
14:14:22.868 4,24,28,32,3200,4594,33
14:14:22.868 4,23,28,31,3200,4660,33
14:14:22.868 4,22,28,34,3200,4726,33
14:14:22.955 4,21,27,39,3200,4792,33
14:14:22.955 4,20,26,40,3200,4858,33
14:14:22.955 4,19,25,44,3200,4924,33
14:14:22.955 4,19,31,48,3200,4990,33
14:14:23.091 4,19,37,51,3200,5056,33
14:14:23.091 4,18,41,53,3200,5122,33
14:14:23.091 4,17,45,54,3200,5188,33
14:14:23.091 4,16,48,54,3200,5254,33
14:14:23.211 4,15,50,51,3200,5320,33
14:14:23.211 4,14,48,54,3200,3980,33
14:14:23.211 4,13,46,54,3200,3980,33
14:14:23.211 2,7,51,58,3460,3460,330
14:14:23.303 4,7,42,64,0,0,297
14:14:23.303 4,7,40,65,3200,4040,33
14:14:23.303 4,7,39,64,3200,4106,33
14:14:23.303 4,7,38,66,3200,4172,33
14:14:23.303 4,7,37,67,3200,4238,33
14:14:23.393 4,8,41,67,3200,4304,33
14:14:23.393 4,8,44,65,3200,4370,33
14:14:23.393 4,14,54,64,3200,4436,33
14:14:23.393 4,20,55,64,3200,4502,33
14:14:23.506 0,46,71,62,0,0,330
14:14:23.506 1,62,69,61,3460,3460,330
14:14:23.506 1,67,73,57,3460,3460,330
14:14:23.506 4,67,65,51,0,0,264
14:14:23.506 4,67,71,51,3200,3991,33
14:14:23.625 4,67,74,50,3200,3991,33
14:14:23.625 4,67,71,50,3200,3991,33
14:14:23.625 1,68,62,63,3460,3460,330
14:14:23.625 1,79,83,58,3460,3460,330
14:14:23.737 1,63,73,59,3469,3469,330
14:14:23.737 1,66,63,54,4129,4129,330
14:14:23.737 1,58,55,47,3460,3460,330
14:14:23.737 1,50,46,43,3460,3460,330
14:14:23.826 3,48,42,40,0,0,132
14:14:23.826 3,47,41,39,4000,3200,33
14:14:23.826 3,46,40,38,4000,3200,33
14:14:23.826 2,36,32,33,3460,3460,330
14:14:23.957 0,41,33,35,0,0,330
14:14:23.957 3,41,33,35,0,0,33
14:14:23.957 3,41,33,35,4000,3200,33
14:14:23.957 3,41,33,35,4041,3200,33
14:14:23.957 3,41,33,35,4107,3200,33
14:14:24.047 3,42,33,35,4173,3200,33
14:14:24.047 3,46,33,35,4239,3200,33
14:14:24.047 3,49,33,35,4305,3200,33
14:14:24.047 3,51,33,35,4371,3200,33
14:14:24.161 3,53,33,34,4437,3200,33
14:14:24.161 3,55,33,33,4503,3200,33
14:14:24.161 3,56,33,32,4569,3200,33
14:14:24.161 3,57,32,31,4635,3200,33
14:14:24.279 3,57,31,30,4701,3200,33
14:14:24.279 3,57,30,29,4767,3200,33
14:14:24.279 3,57,30,28,4833,3200,33
14:14:24.279 3,57,29,27,4899,3200,33
14:14:24.384 3,57,28,27,4965,3200,33
14:14:24.384 3,67,28,26,5031,3200,33
14:14:24.384 3,65,28,25,5097,3200,33
14:14:24.384 3,74,28,24,5163,3200,33
14:14:24.501 3,79,30,23,5229,3200,33
14:14:24.501 3,85,32,22,5295,3200,33
14:14:24.501 3,88,33,21,5361,3200,33
14:14:24.501 3,90,34,25,5427,3200,33
14:14:24.612 3,92,34,27,5493,3200,33
14:14:24.612 3,93,34,28,5500,3200,33
14:14:24.612 3,94,34,29,5500,3200,33
14:14:24.612 3,94,44,29,4000,3200,33
14:14:24.702 3,93,53,29,4000,3200,33
14:14:24.702 1,88,85,25,3460,3460,330
14:14:24.702 0,83,90,52,0,0,330
14:14:24.702 3,81,91,65,0,0,99
14:14:24.702 3,81,91,68,4000,3200,33
14:14:24.811 3,81,91,71,4000,3200,33
14:14:24.811 3,81,91,74,4000,3200,33
14:14:24.811 3,80,90,73,4000,3200,33
14:14:24.811 3,80,89,72,4000,3200,33
14:14:24.943 3,78,89,72,4000,3200,33
14:14:24.943 3,78,88,74,4000,3200,33
14:14:24.943 1,53,80,79,3460,3460,330
14:14:24.943 1,57,74,65,3460,3460,330
14:14:25.035 1,53,65,59,3460,3460,330
14:14:25.035 1,43,96,57,3460,3460,330
14:14:25.035 0,37,129,59,0,0,330
14:14:25.035 1,34,133,58,3460,3460,330
14:14:25.175 0,28,113,60,0,0,330
14:14:25.175 0,28,107,59,0,0,330
14:14:25.175 4,28,107,59,0,0,198
14:14:25.175 4,28,107,59,3200,3999,33
14:14:25.175 4,28,111,59,3200,4065,33
14:14:25.258 4,28,114,58,3200,4131,33
14:14:25.258 4,28,113,57,3200,4197,33
14:14:25.258 4,28,112,57,3200,4263,33
14:14:25.258 4,27,115,57,3200,4329,33
14:14:25.352 4,26,117,57,3200,4395,33
14:14:25.352 4,26,119,57,3200,4461,33
14:14:25.352 4,26,117,57,3200,4527,33
14:14:25.352 4,26,118,57,3200,4593,33
14:14:25.455 4,25,116,57,3200,4659,33
14:14:25.455 4,33,117,57,3200,4725,33
14:14:25.455 4,36,121,57,3200,4791,33
14:14:25.455 4,38,124,61,3200,4857,33
14:14:25.568 4,48,121,65,3200,4923,33
14:14:25.568 4,51,112,64,3200,4989,33
14:14:25.568 4,48,104,66,3200,5055,33
14:14:25.568 4,45,106,68,3200,5121,33
14:14:25.680 4,42,107,67,3200,5187,33
14:14:25.680 4,40,108,67,3200,5253,33
14:14:25.680 4,38,108,66,3200,5319,33
14:14:25.680 4,37,103,65,3200,5385,33
14:14:25.799 4,42,100,64,3200,5451,33
14:14:25.799 4,47,95,63,3200,5500,33
14:14:25.799 4,55,91,62,3200,5500,33
14:14:25.799 1,76,62,33,3460,3460,330
14:14:25.906 3,72,51,16,0,0,330
14:14:25.906 3,72,50,15,4000,3200,33
14:14:25.906 3,74,49,14,4000,3200,33
14:14:25.906 3,76,48,19,4000,3200,33
14:14:26.019 3,75,47,22,4000,3200,33
14:14:26.019 3,72,46,25,4000,3200,33
14:14:26.019 3,70,45,27,4000,3200,33
14:14:26.019 3,68,44,29,4000,3200,33
14:14:26.019 3,66,43,30,4000,3200,33
14:14:26.108 3,65,42,31,4000,3200,33
14:14:26.108 3,64,41,32,4000,3200,33
14:14:26.108 3,62,40,32,4000,3200,33
14:14:26.108 3,61,39,32,4000,3200,33
14:14:26.223 3,60,38,32,4000,3200,33
14:14:26.223 3,60,37,32,4000,3200,33
14:14:26.223 3,59,36,32,4000,3200,33
14:14:26.223 1,57,46,26,3460,3460,330
14:14:26.329 1,60,56,21,3460,3460,330
14:14:26.329 1,55,52,36,3460,3460,330
14:14:26.329 3,50,46,41,0,0,198
14:14:26.329 3,50,46,41,4056,3200,33
14:14:26.449 3,50,45,42,4122,3200,33
14:14:26.449 3,50,44,42,4188,3200,33
14:14:26.449 3,50,44,42,4254,3200,33
14:14:26.449 3,50,43,42,4320,3200,33
14:14:26.558 3,50,42,42,4386,3200,33
14:14:26.558 3,51,41,41,4452,3200,33
14:14:26.558 3,52,40,40,4518,3200,33
14:14:26.558 3,54,39,39,4584,3200,33
14:14:26.678 3,57,38,38,4650,3200,33
14:14:26.678 3,57,37,37,4716,3200,33
14:14:26.678 3,59,36,36,4782,3200,33
14:14:26.678 3,67,35,35,4848,3200,33
14:14:26.678 3,75,35,34,4914,3200,33
14:14:26.781 3,82,34,33,4980,3200,33
14:14:26.781 3,79,33,32,5046,3200,33
14:14:26.781 3,76,32,31,5112,3200,33
14:14:26.781 3,73,32,30,5178,3200,33
14:14:26.874 3,78,34,29,5244,3200,33
14:14:26.874 3,83,36,29,5310,3200,33
14:14:26.874 3,87,37,28,5376,3200,33
14:14:26.874 3,90,38,33,5442,3200,33
14:14:26.988 3,93,39,35,5500,3200,33
14:14:26.988 3,95,48,36,5500,3200,33
14:14:26.988 3,97,55,36,5500,3200,33
14:14:26.988 3,98,59,36,5500,3200,33
14:14:27.123 3,99,62,36,5500,3200,33
14:14:27.123 1,95,76,62,3460,3460,330
14:14:27.123 1,83,80,67,3460,3460,330
14:14:27.123 1,67,75,65,3460,3460,330
14:14:27.209 1,58,68,65,3460,3460,330
14:14:27.209 1,51,58,56,3460,3460,330
14:14:27.209 1,46,50,52,3460,3460,330
14:14:27.209 1,42,40,48,3460,3460,330
14:14:27.324 4,37,35,42,0,0,198
14:14:27.324 4,36,34,41,3200,4056,33
14:14:27.324 4,36,34,40,3200,4122,33
14:14:27.324 4,35,33,39,3200,4188,33
14:14:27.324 4,34,33,38,3200,4254,33
14:14:27.434 4,33,32,38,3200,4320,33
14:14:27.434 4,32,32,38,3200,4386,33
14:14:27.434 4,31,33,38,3200,4452,33
14:14:27.434 4,30,33,37,3200,4518,33
14:14:27.529 4,29,32,37,3200,4584,33
14:14:27.529 4,28,32,37,3200,4650,33
14:14:27.529 4,27,32,39,3200,4716,33
14:14:27.529 4,26,31,41,3200,4782,33
14:14:27.641 4,25,30,43,3200,4848,33
14:14:27.641 4,25,30,44,3200,4914,33
14:14:27.641 4,24,47,48,3200,4980,33
14:14:27.641 4,23,62,49,3200,5046,33
14:14:27.758 4,22,74,50,3200,5112,33
14:14:27.758 4,22,85,50,3200,5178,33
14:14:27.758 4,21,94,50,3200,5244,33
14:14:27.758 4,27,101,50,3200,5310,33
14:14:27.870 1,116,128,80,3460,3460,330
14:14:27.870 1,129,129,93,3460,3460,330
14:14:27.870 1,122,120,78,3460,3460,330
14:14:27.870 0,112,110,101,0,0,330
14:14:27.966 0,108,108,102,0,0,330
14:14:27.966 0,108,108,102,0,0,330
14:14:27.966 0,108,108,102,0,0,330
14:14:27.966 0,108,108,102,0,0,330
14:14:28.070 0,108,108,102,0,0,330
14:14:28.070 0,108,108,102,0,0,330
14:14:28.070 0,108,107,102,0,0,330
14:14:28.070 0,108,107,102,0,0,330
14:14:28.070 0,108,106,102,0,0,330
14:14:28.200 0,108,105,102,0,0,330
14:14:28.200 0,108,105,102,0,0,330
14:14:28.200 0,108,105,102,0,0,330
14:14:28.200 0,108,105,102,0,0,330
14:14:28.200 0,101,105,102,0,0,330
14:14:28.307 0,88,105,102,0,0,330
14:14:28.307 0,59,101,102,0,0,330
14:14:28.307 0,57,70,74,0,0,330
14:14:28.307 0,98,61,67,0,0,330
14:14:28.397 0,155,61,62,0,0,330
14:14:28.397 0,119,71,68,0,0,330
14:14:28.397 0,110,78,75,0,0,330
14:14:28.397 0,109,79,77,0,0,330
14:14:28.397 0,109,71,76,0,0,330
14:14:28.510 0,109,71,72,0,0,330
14:14:28.510 0,109,71,71,0,0,330
14:14:28.510 0,109,71,71,0,0,330
14:14:28.510 0,109,71,71,0,0,330
14:14:28.510 0,109,71,71,0,0,330
